date_time,maxtempC,mintempC,totalSnow_cm,sunHour,uvIndex,moon_illumination,moonrise,moonset,sunrise,sunset,DewPointC,FeelsLikeC,HeatIndexC,WindChillC,WindGustKmph,cloudcover,humidity,precipMM,pressure,tempC,visibility,winddirDegree,windspeedKmph,location
2010-01-01,26,15,0.0,13.3,5,100,08:01 PM,05:39 AM,05:14 AM,07:13 PM,12,18,19,18,19,38,71,2.6,1017,26,10,176,13,Lesotho
2010-01-02,17,12,0.0,12.2,4,85,08:47 PM,06:51 AM,05:15 AM,07:13 PM,12,15,15,15,13,52,80,0.6,1016,17,9,100,8,Lesotho
2010-01-03,23,13,0.0,12.2,4,77,09:28 PM,08:03 AM,05:16 AM,07:14 PM,13,17,17,17,12,62,80,0.4,1013,23,9,161,8,Lesotho
2010-01-04,25,13,0.0,14.0,5,70,10:04 PM,09:11 AM,05:16 AM,07:14 PM,12,18,19,18,19,20,67,0.0,1016,25,10,127,11,Lesotho
2010-01-05,25,11,0.0,14.0,5,63,10:38 PM,10:16 AM,05:17 AM,07:14 PM,10,18,19,18,15,16,61,0.0,1018,25,10,186,9,Lesotho
2010-01-06,27,13,0.0,14.0,5,56,11:13 PM,11:20 AM,05:18 AM,07:14 PM,10,19,20,19,18,17,59,0.0,1016,27,10,182,12,Lesotho
2010-01-07,26,16,0.0,14.0,6,48,11:47 PM,12:22 PM,05:19 AM,07:14 PM,10,21,21,21,17,8,51,0.9,1015,26,10,170,11,Lesotho
2010-01-08,27,14,0.0,14.0,6,41,No moonrise,01:24 PM,05:19 AM,07:14 PM,9,20,20,20,21,10,50,0.0,1013,27,10,170,13,Lesotho
2010-01-09,25,14,0.0,13.3,5,34,12:24 AM,02:24 PM,05:20 AM,07:14 PM,12,19,19,19,17,38,64,0.3,1015,25,10,106,11,Lesotho
2010-01-10,22,15,0.0,11.0,4,27,01:05 AM,03:24 PM,05:21 AM,07:14 PM,13,17,17,17,18,68,81,8.5,1016,22,10,139,11,Lesotho
2010-01-11,22,14,0.0,13.9,5,19,01:50 AM,04:20 PM,05:22 AM,07:14 PM,13,17,18,17,13,37,76,1.8,1016,22,10,220,9,Lesotho
2010-01-12,27,13,0.0,13.9,5,12,02:39 AM,05:14 PM,05:23 AM,07:14 PM,10,20,20,20,22,7,59,0.0,1017,27,10,145,13,Lesotho
2010-01-13,27,13,0.0,13.3,5,5,03:32 AM,06:02 PM,05:24 AM,07:14 PM,10,20,21,20,13,18,56,0.0,1018,27,10,194,8,Lesotho
2010-01-14,26,14,0.0,13.9,5,0,04:26 AM,06:45 PM,05:24 AM,07:14 PM,13,20,20,20,17,13,65,0.8,1016,26,10,199,11,Lesotho
2010-01-15,27,15,0.0,13.9,6,0,05:22 AM,07:23 PM,05:25 AM,07:14 PM,11,21,21,21,16,17,57,0.4,1014,27,10,228,10,Lesotho
2010-01-16,28,15,0.0,13.9,6,2,06:17 AM,07:57 PM,05:26 AM,07:14 PM,8,20,20,20,22,2,47,0.0,1016,28,10,197,14,Lesotho
2010-01-17,28,13,0.0,13.9,6,10,07:12 AM,08:27 PM,05:27 AM,07:13 PM,9,21,21,21,15,5,51,0.0,1016,28,10,204,9,Lesotho
2010-01-18,29,14,0.0,13.9,6,17,08:04 AM,08:56 PM,05:28 AM,07:13 PM,10,22,22,22,28,10,51,0.0,1014,29,10,251,18,Lesotho
2010-01-19,21,15,0.0,11.0,5,24,08:57 AM,09:25 PM,05:29 AM,07:13 PM,13,17,17,17,14,49,77,5.5,1015,21,9,170,10,Lesotho
2010-01-20,21,14,0.0,12.2,5,31,09:50 AM,09:53 PM,05:30 AM,07:13 PM,13,17,17,17,11,54,81,3.9,1018,21,10,113,7,Lesotho
2010-01-21,21,14,0.0,12.2,5,39,10:43 AM,10:22 PM,05:30 AM,07:12 PM,14,16,16,16,15,50,85,6.0,1019,21,9,187,10,Lesotho
2010-01-22,16,14,0.0,8.6,4,46,11:39 AM,10:55 PM,05:31 AM,07:12 PM,14,15,15,15,14,76,92,9.0,1018,16,6,101,8,Lesotho
2010-01-23,23,13,0.0,13.8,5,53,12:37 PM,11:32 PM,05:32 AM,07:12 PM,14,18,19,18,11,32,77,2.7,1015,23,9,182,7,Lesotho
2010-01-24,22,14,0.0,13.3,5,60,01:38 PM,No moonset,05:33 AM,07:11 PM,15,18,19,18,12,42,83,4.7,1013,22,9,203,7,Lesotho
2010-01-25,24,15,0.0,13.8,5,68,02:41 PM,12:14 AM,05:34 AM,07:11 PM,16,20,20,20,15,40,82,6.9,1012,24,9,171,10,Lesotho
2010-01-26,20,16,0.0,11.0,4,75,03:46 PM,01:05 AM,05:35 AM,07:11 PM,17,18,18,18,18,70,95,29.7,1012,20,6,136,11,Lesotho
2010-01-27,22,15,0.0,13.7,5,82,04:47 PM,02:04 AM,05:36 AM,07:10 PM,15,18,18,18,17,38,84,1.8,1011,22,9,166,11,Lesotho
2010-01-28,25,13,0.0,13.7,5,90,05:44 PM,03:11 AM,05:36 AM,07:10 PM,13,19,19,19,16,9,68,0.0,1011,25,10,175,10,Lesotho
2010-01-29,24,15,0.0,13.7,5,97,06:34 PM,04:23 AM,05:37 AM,07:09 PM,13,19,19,19,19,19,70,1.2,1012,24,10,192,13,Lesotho
2010-01-30,24,13,0.0,13.7,5,100,07:18 PM,05:36 AM,05:38 AM,07:09 PM,12,18,19,18,28,19,68,0.0,1012,24,10,133,19,Lesotho
2010-01-31,22,15,0.0,13.3,5,100,07:58 PM,06:47 AM,05:39 AM,07:08 PM,14,18,19,18,24,30,78,6.7,1013,22,10,217,16,Lesotho
2010-02-01,24,13,0.0,13.7,5,77,08:34 PM,07:57 AM,05:40 AM,07:07 PM,8,18,18,18,21,10,58,0.1,1013,24,10,233,14,Lesotho
2010-02-02,25,11,0.0,13.7,5,69,09:10 PM,09:04 AM,05:41 AM,07:07 PM,5,17,18,17,21,2,44,0.0,1012,25,10,135,12,Lesotho
2010-02-03,26,15,0.0,13.6,5,62,09:46 PM,10:09 AM,05:42 AM,07:06 PM,10,19,20,19,30,9,56,0.5,1011,26,10,125,18,Lesotho
2010-02-04,25,12,0.0,13.6,5,54,10:23 PM,11:13 AM,05:42 AM,07:05 PM,9,18,19,18,23,9,57,0.0,1015,25,10,178,14,Lesotho
2010-02-05,26,15,0.0,13.6,5,47,11:04 PM,12:16 PM,05:43 AM,07:05 PM,11,19,20,19,26,13,59,0.0,1014,26,10,176,18,Lesotho
2010-02-06,27,13,0.0,13.6,5,39,11:48 PM,01:17 PM,05:44 AM,07:04 PM,9,19,20,19,23,4,52,0.0,1014,27,10,132,13,Lesotho
2010-02-07,28,15,0.0,13.6,6,32,No moonrise,02:15 PM,05:45 AM,07:03 PM,10,22,22,22,17,5,47,0.0,1016,28,10,132,10,Lesotho
2010-02-08,28,18,0.0,13.6,6,24,12:36 AM,03:10 PM,05:46 AM,07:03 PM,13,23,23,23,12,8,54,0.2,1019,28,10,130,7,Lesotho
2010-02-09,27,17,0.0,13.6,6,16,01:27 AM,04:00 PM,05:47 AM,07:02 PM,12,22,22,22,12,6,56,0.0,1019,27,10,177,7,Lesotho
2010-02-10,27,15,0.0,13.5,6,9,02:21 AM,04:44 PM,05:47 AM,07:01 PM,12,21,21,21,15,18,58,0.0,1017,27,10,160,9,Lesotho
2010-02-11,24,16,0.0,13.3,5,1,03:17 AM,05:24 PM,05:48 AM,07:00 PM,15,19,19,19,15,38,77,6.2,1016,24,9,95,9,Lesotho
2010-02-12,26,16,0.0,13.1,6,0,04:11 AM,05:58 PM,05:49 AM,06:59 PM,15,20,21,20,18,22,73,4.7,1014,26,10,139,11,Lesotho
2010-02-13,28,17,0.0,13.1,6,0,05:06 AM,06:30 PM,05:50 AM,06:59 PM,13,22,22,22,17,14,57,0.1,1014,28,10,124,10,Lesotho
2010-02-14,25,17,0.0,13.1,6,0,06:00 AM,07:00 PM,05:51 AM,06:58 PM,12,21,21,21,19,11,60,0.5,1016,25,10,178,12,Lesotho
2010-02-15,25,15,0.0,13.1,5,6,06:52 AM,07:28 PM,05:51 AM,06:57 PM,13,19,20,19,18,15,68,0.0,1015,25,10,185,11,Lesotho
2010-02-16,22,14,0.0,13.0,5,13,07:45 AM,07:57 PM,05:52 AM,06:56 PM,15,18,19,18,15,32,84,7.6,1011,22,8,176,10,Lesotho
2010-02-17,23,13,0.0,13.0,5,21,08:38 AM,08:25 PM,05:53 AM,06:55 PM,10,17,18,17,15,27,67,0.0,1015,23,9,177,10,Lesotho
2010-02-18,24,12,0.0,13.0,5,29,09:33 AM,08:57 PM,05:54 AM,06:54 PM,11,17,18,17,18,13,67,0.0,1018,24,10,158,11,Lesotho
2010-02-19,25,12,0.0,13.0,5,36,10:29 AM,09:32 PM,05:54 AM,06:53 PM,9,19,19,19,16,2,56,0.0,1019,25,10,145,9,Lesotho
2010-02-20,26,13,0.0,13.0,5,44,11:29 AM,10:11 PM,05:55 AM,06:52 PM,11,19,19,19,16,9,63,0.0,1020,26,10,150,9,Lesotho
2010-02-21,26,13,0.0,13.0,5,51,12:29 PM,10:57 PM,05:56 AM,06:51 PM,10,19,20,19,17,8,57,0.0,1016,26,10,172,10,Lesotho
2010-02-22,26,15,0.0,12.9,5,59,01:31 PM,11:50 PM,05:56 AM,06:50 PM,11,20,20,20,21,21,60,1.1,1016,26,10,149,12,Lesotho
2010-02-23,23,15,0.0,12.9,5,66,02:31 PM,No moonset,05:57 AM,06:49 PM,13,18,19,18,19,43,76,3.2,1019,23,10,139,12,Lesotho
2010-02-24,19,14,0.0,12.9,5,74,03:29 PM,12:51 AM,05:58 AM,06:48 PM,13,16,16,16,19,59,81,1.8,1017,19,10,117,12,Lesotho
2010-02-25,22,12,0.0,12.9,5,81,04:20 PM,01:59 AM,05:59 AM,06:47 PM,13,16,17,16,14,41,80,2.6,1014,22,10,205,10,Lesotho
2010-02-26,24,11,0.0,12.9,5,89,05:07 PM,03:09 AM,05:59 AM,06:46 PM,11,17,18,17,20,11,68,0.0,1016,24,10,165,12,Lesotho
2010-02-27,24,11,0.0,12.5,5,97,05:48 PM,04:20 AM,06:00 AM,06:45 PM,11,17,18,17,17,19,68,0.0,1020,24,10,129,10,Lesotho
2010-02-28,24,12,0.0,11.6,5,100,06:26 PM,05:31 AM,06:01 AM,06:44 PM,10,17,18,17,19,12,65,0.0,1021,24,10,138,12,Lesotho
2010-03-01,25,11,0.0,11.6,5,100,07:03 PM,06:39 AM,06:01 AM,06:43 PM,11,17,18,17,13,9,67,0.0,1018,25,10,153,9,Lesotho
2010-03-02,25,13,0.0,11.6,5,85,07:40 PM,07:47 AM,06:02 AM,06:42 PM,11,18,19,18,18,13,65,1.5,1018,25,10,137,10,Lesotho
2010-03-03,20,12,0.0,11.6,4,78,08:18 PM,08:54 AM,06:03 AM,06:41 PM,13,15,16,15,18,45,83,3.8,1020,20,10,126,11,Lesotho
2010-03-04,23,13,0.0,11.6,5,71,08:58 PM,09:59 AM,06:03 AM,06:40 PM,13,17,18,17,18,28,77,3.0,1020,23,10,153,11,Lesotho
2010-03-05,24,15,0.0,11.6,5,63,09:43 PM,11:04 AM,06:04 AM,06:39 PM,13,19,19,19,15,20,70,0.4,1020,24,8,180,10,Lesotho
2010-03-06,26,13,0.0,11.6,5,56,10:30 PM,12:05 PM,06:05 AM,06:37 PM,10,19,19,19,19,7,59,0.0,1021,26,10,136,12,Lesotho
2010-03-07,26,12,0.0,11.6,5,49,11:22 PM,01:03 PM,06:05 AM,06:36 PM,8,18,18,18,17,4,56,0.0,1022,26,10,134,10,Lesotho
2010-03-08,23,11,0.0,11.6,5,42,No moonrise,01:55 PM,06:06 AM,06:35 PM,9,16,17,16,14,5,60,0.0,1020,23,10,210,9,Lesotho
2010-03-09,25,10,0.0,11.6,5,34,12:15 AM,02:41 PM,06:07 AM,06:34 PM,9,18,19,18,11,8,59,0.0,1017,25,10,206,7,Lesotho
2010-03-10,26,12,0.0,11.6,5,27,01:11 AM,03:23 PM,06:07 AM,06:33 PM,8,19,19,19,18,2,54,0.0,1016,26,10,158,10,Lesotho
2010-03-11,27,14,0.0,11.6,5,20,02:06 AM,03:59 PM,06:08 AM,06:32 PM,7,19,19,19,22,8,46,0.0,1016,27,10,148,13,Lesotho
2010-03-12,28,14,0.0,11.6,6,12,03:00 AM,04:32 PM,06:08 AM,06:31 PM,10,20,20,20,18,6,53,0.0,1016,28,10,143,11,Lesotho
2010-03-13,24,15,0.0,11.6,5,5,03:54 AM,05:02 PM,06:09 AM,06:29 PM,12,19,19,19,20,17,67,3.5,1016,24,10,140,11,Lesotho
2010-03-14,25,12,0.0,11.6,5,0,04:47 AM,05:32 PM,06:10 AM,06:28 PM,9,17,18,17,22,4,61,0.0,1017,25,10,152,13,Lesotho
2010-03-15,24,11,0.0,11.6,5,0,05:40 AM,06:00 PM,06:10 AM,06:27 PM,10,16,17,16,23,12,67,0.0,1018,24,10,144,15,Lesotho
2010-03-16,24,12,0.0,11.6,5,2,06:33 AM,06:29 PM,06:11 AM,06:26 PM,9,17,18,17,20,9,59,0.5,1016,24,10,218,12,Lesotho
2010-03-17,22,10,0.0,11.6,5,9,07:28 AM,07:00 PM,06:11 AM,06:25 PM,9,15,17,15,20,17,65,0.2,1015,22,9,166,13,Lesotho
2010-03-18,23,9,0.0,11.6,5,16,08:24 AM,07:34 PM,06:12 AM,06:24 PM,7,15,16,15,12,6,61,0.0,1017,23,10,161,7,Lesotho
2010-03-19,24,11,0.0,11.6,5,24,09:23 AM,08:11 PM,06:13 AM,06:22 PM,9,17,18,17,15,7,60,0.0,1017,24,10,143,10,Lesotho
2010-03-20,24,13,0.0,11.6,5,31,10:23 AM,08:55 PM,06:13 AM,06:21 PM,9,18,19,18,16,10,56,0.1,1017,24,10,171,10,Lesotho
2010-03-21,24,11,0.0,11.6,5,38,11:24 AM,09:46 PM,06:14 AM,06:20 PM,7,17,18,17,22,9,53,0.0,1019,24,10,146,12,Lesotho
2010-03-22,23,12,0.0,11.6,5,46,12:23 PM,10:42 PM,06:14 AM,06:19 PM,8,16,17,16,21,11,59,0.0,1017,23,10,148,12,Lesotho
2010-03-23,24,11,0.0,11.6,5,53,01:20 PM,11:46 PM,06:15 AM,06:18 PM,5,16,17,16,23,3,47,0.0,1015,24,10,153,13,Lesotho
2010-03-24,22,10,0.0,11.6,5,60,02:12 PM,No moonset,06:16 AM,06:16 PM,9,16,17,16,20,15,64,1.4,1015,22,10,108,12,Lesotho
2010-03-25,24,12,0.0,11.6,5,67,02:58 PM,12:52 AM,06:16 AM,06:15 PM,11,17,18,17,16,21,69,0.1,1017,24,10,167,9,Lesotho
2010-03-26,23,13,0.0,11.6,5,75,03:41 PM,02:00 AM,06:17 AM,06:14 PM,12,17,18,17,22,43,72,0.0,1018,23,10,150,14,Lesotho
2010-03-27,22,9,0.0,11.6,5,82,04:19 PM,03:09 AM,06:17 AM,06:13 PM,10,16,16,16,21,38,68,7.1,1016,22,10,268,13,Lesotho
2010-03-28,22,7,0.0,11.6,4,89,04:56 PM,04:16 AM,06:18 AM,06:12 PM,3,14,15,14,12,0,45,0.0,1019,22,10,151,7,Lesotho
2010-03-29,24,10,0.0,11.6,5,96,05:33 PM,05:24 AM,06:18 AM,06:11 PM,6,16,17,16,23,13,51,0.0,1019,24,10,138,14,Lesotho
2010-03-30,22,13,0.0,11.6,5,100,06:10 PM,06:30 AM,06:19 AM,06:09 PM,12,16,17,16,14,27,77,0.8,1019,22,10,144,9,Lesotho
2010-03-31,19,14,0.0,11.6,5,100,06:50 PM,07:37 AM,06:20 AM,06:08 PM,14,15,16,15,14,44,89,0.7,1020,19,9,123,9,Lesotho
2010-04-01,20,13,0.0,11.6,5,77,07:33 PM,08:43 AM,06:20 AM,06:07 PM,12,16,16,16,8,27,79,0.0,1020,20,8,152,5,Lesotho
2010-04-02,22,10,0.0,11.6,5,70,08:20 PM,09:48 AM,06:21 AM,06:06 PM,10,16,16,16,13,10,68,0.0,1019,22,10,139,8,Lesotho
2010-04-03,23,11,0.0,11.6,5,62,09:12 PM,10:49 AM,06:21 AM,06:05 PM,10,17,17,17,13,11,65,0.6,1016,23,10,175,8,Lesotho
2010-04-04,21,13,0.0,11.6,5,55,10:06 PM,11:45 AM,06:22 AM,06:04 PM,11,16,17,16,21,21,72,1.3,1017,21,10,146,12,Lesotho
2010-04-05,22,10,0.0,11.6,5,47,11:02 PM,12:35 PM,06:22 AM,06:03 PM,11,15,16,15,12,27,76,0.0,1019,22,10,88,7,Lesotho
2010-04-06,19,11,0.0,10.2,3,40,11:58 PM,01:19 PM,06:23 AM,06:01 PM,12,14,14,14,16,50,84,1.1,1016,19,9,170,10,Lesotho
2010-04-07,21,11,0.0,11.6,5,32,No moonrise,01:58 PM,06:24 AM,06:00 PM,8,16,16,16,12,17,63,0.0,1015,21,10,185,8,Lesotho
2010-04-08,22,8,0.0,8.7,4,24,12:53 AM,02:32 PM,06:24 AM,05:59 PM,7,15,16,15,10,4,59,0.0,1019,22,10,161,6,Lesotho
2010-04-09,19,10,0.0,8.7,4,17,01:47 AM,03:03 PM,06:25 AM,05:58 PM,10,15,15,15,16,26,75,0.5,1018,19,10,128,9,Lesotho
2010-04-10,21,8,0.0,8.7,4,9,02:40 AM,03:33 PM,06:25 AM,05:57 PM,4,15,15,15,10,2,53,0.0,1018,21,10,233,6,Lesotho
2010-04-11,21,7,0.0,8.7,4,2,03:33 AM,04:01 PM,06:26 AM,05:56 PM,4,13,14,13,17,3,56,0.0,1020,21,10,156,10,Lesotho
2010-04-12,23,9,0.0,8.7,5,0,04:26 AM,04:30 PM,06:26 AM,05:55 PM,4,15,16,15,16,0,45,0.0,1022,23,10,160,9,Lesotho
2010-04-13,25,10,0.0,8.7,5,0,05:21 AM,05:01 PM,06:27 AM,05:54 PM,4,16,17,16,19,0,43,0.0,1022,25,10,156,10,Lesotho
2010-04-14,25,11,0.0,8.7,5,0,06:17 AM,05:34 PM,06:28 AM,05:53 PM,4,17,18,17,15,0,44,0.0,1020,25,10,171,9,Lesotho
2010-04-15,24,11,0.0,8.7,5,5,07:15 AM,06:11 PM,06:28 AM,05:52 PM,7,17,17,17,17,4,53,0.0,1017,24,10,169,9,Lesotho
2010-04-16,15,12,0.0,4.2,4,13,08:16 AM,06:54 PM,06:29 AM,05:51 PM,11,13,13,13,9,60,88,6.7,1018,15,8,138,5,Lesotho
2010-04-17,18,11,0.0,8.7,4,21,09:17 AM,07:43 PM,06:29 AM,05:50 PM,11,14,14,14,13,41,85,7.6,1017,18,9,181,8,Lesotho
2010-04-18,19,10,0.0,8.7,4,28,10:18 AM,08:38 PM,06:30 AM,05:49 PM,9,13,14,13,17,18,72,0.4,1015,19,9,128,10,Lesotho
2010-04-19,18,9,0.0,8.7,3,36,11:16 AM,09:40 PM,06:31 AM,05:48 PM,9,12,13,12,27,24,78,4.9,1013,18,10,233,16,Lesotho
2010-04-20,15,6,0.0,8.7,3,43,12:08 PM,10:44 PM,06:31 AM,05:47 PM,2,10,10,10,13,3,58,0.0,1018,15,10,211,8,Lesotho
2010-04-21,16,4,0.0,8.7,3,51,12:55 PM,11:51 PM,06:32 AM,05:46 PM,4,8,9,8,19,21,68,0.0,1020,16,10,184,12,Lesotho
2010-04-22,16,5,0.0,8.7,3,58,01:38 PM,No moonset,06:32 AM,05:45 PM,2,8,10,8,25,8,61,0.0,1017,16,10,197,16,Lesotho
2010-04-23,15,2,0.0,8.7,3,66,02:16 PM,12:57 AM,06:33 AM,05:44 PM,-3,5,8,5,22,2,51,0.0,1025,15,10,152,12,Lesotho
2010-04-24,10,4,0.0,4.2,2,73,02:53 PM,02:02 AM,06:33 AM,05:43 PM,6,5,8,5,20,58,91,2.5,1027,10,6,37,12,Lesotho
2010-04-25,16,6,0.0,8.7,4,81,03:28 PM,03:07 AM,06:34 AM,05:42 PM,7,9,10,9,15,40,84,0.6,1026,16,7,138,9,Lesotho
2010-04-26,16,9,0.0,8.7,4,89,04:04 PM,04:12 AM,06:35 AM,05:41 PM,9,11,12,11,11,47,84,0.2,1025,16,7,171,7,Lesotho
2010-04-27,14,6,0.0,7.2,3,96,04:42 PM,05:18 AM,06:35 AM,05:40 PM,7,10,10,10,10,45,85,0.0,1024,14,8,206,6,Lesotho
2010-04-28,16,6,0.0,8.7,4,100,05:24 PM,06:23 AM,06:36 AM,05:39 PM,7,10,10,10,11,30,83,0.3,1023,16,10,149,7,Lesotho
2010-04-29,18,6,0.0,8.7,4,89,06:10 PM,07:29 AM,06:37 AM,05:38 PM,6,10,11,10,16,15,74,0.0,1023,18,9,139,9,Lesotho
2010-04-30,19,7,0.0,8.7,4,81,07:00 PM,08:32 AM,06:37 AM,05:37 PM,6,12,12,12,13,14,68,0.0,1022,19,10,140,7,Lesotho
2010-05-01,19,8,0.0,8.7,4,78,07:54 PM,09:32 AM,06:38 AM,05:36 PM,7,12,12,12,13,13,70,0.0,1020,19,10,185,7,Lesotho
2010-05-02,19,8,0.0,8.7,4,71,08:50 PM,10:25 AM,06:38 AM,05:36 PM,7,12,13,12,16,18,70,0.0,1019,19,10,146,9,Lesotho
2010-05-03,15,9,0.0,8.7,4,64,09:47 PM,11:12 AM,06:39 AM,05:35 PM,9,10,11,10,19,41,86,0.9,1015,15,10,277,13,Lesotho
2010-05-04,14,9,0.0,8.7,4,57,10:43 PM,11:54 AM,06:40 AM,05:34 PM,8,10,11,10,19,59,83,0.0,1012,14,7,331,12,Lesotho
2010-05-05,16,5,0.0,8.7,3,49,11:38 PM,12:30 PM,06:40 AM,05:33 PM,4,10,10,10,8,6,66,0.0,1016,16,10,298,5,Lesotho
2010-05-06,16,5,0.0,8.7,3,42,No moonrise,01:02 PM,06:41 AM,05:32 PM,1,8,9,8,21,3,56,0.0,1018,16,10,177,13,Lesotho
2010-05-07,18,6,0.0,8.7,4,35,12:31 AM,01:33 PM,06:41 AM,05:32 PM,2,10,11,10,18,7,55,0.0,1019,18,10,121,10,Lesotho
2010-05-08,20,9,0.0,8.7,4,27,01:25 AM,02:01 PM,06:42 AM,05:31 PM,7,12,13,12,35,24,65,0.3,1019,20,10,143,20,Lesotho
2010-05-09,14,11,0.0,8.7,3,20,02:17 AM,02:30 PM,06:43 AM,05:30 PM,11,11,13,11,36,40,91,6.9,1017,14,9,215,20,Lesotho
2010-05-10,15,6,0.0,8.7,4,13,03:11 AM,03:00 PM,06:43 AM,05:29 PM,4,9,10,9,18,15,68,0.0,1014,15,9,319,11,Lesotho
2010-05-11,12,3,0.0,8.7,3,6,04:06 AM,03:32 PM,06:44 AM,05:29 PM,1,6,8,6,13,9,63,0.0,1016,12,10,270,9,Lesotho
2010-05-12,14,1,0.0,8.7,3,0,05:04 AM,04:08 PM,06:45 AM,05:28 PM,2,7,8,7,12,5,67,0.0,1022,14,10,164,6,Lesotho
2010-05-13,18,6,0.0,8.7,4,0,06:04 AM,04:49 PM,06:45 AM,05:28 PM,1,9,11,9,32,0,51,0.0,1022,18,10,107,17,Lesotho
2010-05-14,18,9,0.0,8.7,4,1,07:06 AM,05:37 PM,06:46 AM,05:27 PM,10,11,13,11,28,34,82,6.1,1022,18,8,172,16,Lesotho
2010-05-15,19,10,0.0,8.7,3,9,08:08 AM,06:31 PM,06:46 AM,05:26 PM,11,13,14,13,17,34,83,0.3,1025,19,9,136,10,Lesotho
2010-05-16,18,9,0.0,8.7,4,16,09:09 AM,07:32 PM,06:47 AM,05:26 PM,9,12,12,12,11,28,81,0.1,1029,18,10,119,7,Lesotho
2010-05-17,18,8,0.0,8.7,4,23,10:04 AM,08:37 PM,06:48 AM,05:25 PM,8,12,12,12,13,8,77,0.0,1027,18,10,174,7,Lesotho
2010-05-18,18,7,0.0,8.7,4,31,10:54 AM,09:44 PM,06:48 AM,05:25 PM,7,11,12,11,11,7,73,0.0,1024,18,10,159,6,Lesotho
2010-05-19,18,7,0.0,8.7,4,38,11:38 AM,10:50 PM,06:49 AM,05:24 PM,4,11,12,11,13,4,63,0.0,1024,18,10,153,6,Lesotho
2010-05-20,18,7,0.0,8.7,4,45,12:17 PM,11:55 PM,06:49 AM,05:24 PM,3,10,11,10,18,4,58,0.0,1026,18,10,148,9,Lesotho
2010-05-21,18,7,0.0,8.7,4,52,12:53 PM,No moonset,06:50 AM,05:23 PM,4,10,11,10,18,8,64,0.0,1026,18,10,145,9,Lesotho
2010-05-22,17,6,0.0,8.7,4,60,01:28 PM,12:59 AM,06:51 AM,05:23 PM,2,9,10,9,17,2,59,0.0,1025,17,10,146,9,Lesotho
2010-05-23,17,5,0.0,8.7,3,67,02:03 PM,02:02 AM,06:51 AM,05:22 PM,3,10,11,10,9,1,63,0.0,1023,17,10,176,5,Lesotho
2010-05-24,17,4,0.0,8.7,3,74,02:39 PM,03:06 AM,06:52 AM,05:22 PM,3,10,10,10,8,0,64,0.0,1022,17,10,150,5,Lesotho
2010-05-25,17,5,0.0,8.7,3,81,03:19 PM,04:09 AM,06:52 AM,05:22 PM,2,9,10,9,14,2,58,0.0,1021,17,10,184,8,Lesotho
2010-05-26,17,7,0.0,7.1,4,89,04:02 PM,05:14 AM,06:53 AM,05:21 PM,1,9,11,9,22,26,51,0.0,1021,17,10,196,12,Lesotho
2010-05-27,17,7,0.0,8.7,4,96,04:50 PM,06:17 AM,06:53 AM,05:21 PM,2,9,11,9,26,8,54,0.0,1018,17,10,218,14,Lesotho
2010-05-28,14,3,0.0,8.7,3,100,05:42 PM,07:18 AM,06:54 AM,05:21 PM,2,6,9,6,26,21,64,0.0,1017,14,10,268,16,Lesotho
2010-05-29,13,0,0.0,8.7,3,89,06:38 PM,08:14 AM,06:55 AM,05:20 PM,-5,4,6,4,14,0,48,0.0,1025,13,10,160,7,Lesotho
2010-05-30,13,2,0.0,8.7,3,82,07:35 PM,09:04 AM,06:55 AM,05:20 PM,-0,4,6,4,19,6,66,0.0,1027,13,10,172,11,Lesotho
2010-05-31,13,3,0.0,8.7,3,78,08:32 PM,09:48 AM,06:56 AM,05:20 PM,1,5,7,5,17,14,69,0.0,1029,13,10,140,9,Lesotho
2010-06-01,13,2,0.0,8.7,3,63,09:28 PM,10:26 AM,06:56 AM,05:20 PM,-2,5,6,5,17,4,57,0.0,1029,13,10,157,10,Lesotho
2010-06-02,15,2,0.0,8.7,3,55,10:22 PM,11:01 AM,06:57 AM,05:19 PM,-3,5,7,5,18,1,50,0.0,1028,15,10,156,10,Lesotho
2010-06-03,13,2,0.0,7.1,3,48,11:15 PM,11:32 AM,06:57 AM,05:19 PM,-3,5,6,5,11,22,52,0.0,1025,13,10,209,6,Lesotho
2010-06-04,13,2,0.0,8.7,3,40,No moonrise,12:01 PM,06:58 AM,05:19 PM,-1,5,6,5,17,18,58,0.0,1023,13,10,147,9,Lesotho
2010-06-05,15,1,0.0,8.7,3,32,12:08 AM,12:30 PM,06:58 AM,05:19 PM,-3,5,7,5,16,3,52,0.0,1025,15,10,186,9,Lesotho
2010-06-06,18,2,0.0,8.7,3,25,01:00 AM,12:59 PM,06:59 AM,05:19 PM,0,9,10,9,11,0,56,0.0,1025,18,10,194,6,Lesotho
2010-06-07,18,5,0.0,8.7,4,17,01:54 AM,01:30 PM,06:59 AM,05:19 PM,-2,9,11,9,22,0,44,0.0,1023,18,10,149,12,Lesotho
2010-06-08,16,5,0.0,8.7,3,10,02:50 AM,02:03 PM,07:00 AM,05:19 PM,-1,8,10,8,27,5,51,0.0,1020,16,10,182,16,Lesotho
2010-06-09,9,2,0.0,8.7,2,2,03:49 AM,02:42 PM,07:00 AM,05:19 PM,-3,2,5,2,21,8,60,0.0,1024,9,10,169,12,Lesotho
2010-06-10,9,3,0.0,5.4,3,0,04:50 AM,03:27 PM,07:00 AM,05:19 PM,3,4,6,4,18,47,84,9.6,1027,9,8,120,11,Lesotho
2010-06-11,14,7,0.0,8.7,2,0,05:53 AM,04:18 PM,07:01 AM,05:19 PM,7,7,10,7,33,42,84,4.2,1023,14,9,103,21,Lesotho
2010-06-12,13,6,0.0,8.7,3,0,06:55 AM,05:18 PM,07:01 AM,05:19 PM,6,6,9,6,27,31,85,0.8,1021,13,10,135,16,Lesotho
2010-06-13,11,3,0.0,8.7,3,5,07:54 AM,06:23 PM,07:02 AM,05:19 PM,-1,4,7,4,22,7,62,0.0,1019,11,10,198,13,Lesotho
2010-06-14,10,0,0.0,8.7,2,13,08:47 AM,07:32 PM,07:02 AM,05:19 PM,-3,2,5,2,22,11,57,0.0,1015,10,10,242,13,Lesotho
2010-06-15,3,-3,0.9,8.7,2,20,09:35 AM,08:40 PM,07:02 AM,05:19 PM,-3,-5,0,-5,30,28,77,1.0,1024,3,9,200,22,Lesotho
2010-06-16,4,-4,0.0,8.7,2,28,10:16 AM,09:47 PM,07:03 AM,05:19 PM,-7,-5,-1,-5,22,22,64,0.0,1032,4,10,191,15,Lesotho
2010-06-17,7,-4,0.0,8.7,2,35,10:54 AM,10:52 PM,07:03 AM,05:19 PM,-4,-3,-1,-3,17,7,80,0.0,1036,7,10,95,9,Lesotho
2010-06-18,9,-3,0.0,8.7,2,43,11:30 AM,11:56 PM,07:03 AM,05:19 PM,-6,-1,2,-1,17,1,59,0.0,1035,9,10,59,9,Lesotho
2010-06-19,9,-1,0.0,8.7,2,50,12:05 PM,No moonset,07:03 AM,05:20 PM,-6,1,3,1,15,19,53,0.0,1031,9,10,218,8,Lesotho
2010-06-20,12,-1,0.0,8.7,2,58,12:40 PM,12:59 AM,07:04 AM,05:20 PM,-3,4,5,4,10,0,60,0.0,1029,12,10,154,5,Lesotho
2010-06-21,13,1,0.0,8.7,2,65,01:18 PM,02:02 AM,07:04 AM,05:20 PM,-3,4,6,4,13,0,55,0.0,1026,13,10,178,7,Lesotho
2010-06-22,12,1,0.0,8.7,3,73,01:59 PM,03:05 AM,07:04 AM,05:20 PM,-4,4,6,4,17,4,52,0.0,1024,12,10,227,9,Lesotho
2010-06-23,11,-0,0.0,8.7,2,80,02:44 PM,04:08 AM,07:04 AM,05:20 PM,-4,4,5,4,11,2,54,0.0,1027,11,10,76,6,Lesotho
2010-06-24,13,-0,0.0,8.7,2,88,03:34 PM,05:09 AM,07:05 AM,05:21 PM,-7,4,6,4,12,0,40,0.0,1029,13,10,155,6,Lesotho
2010-06-25,17,3,0.0,8.7,3,96,04:28 PM,06:06 AM,07:05 AM,05:21 PM,-6,8,9,8,11,0,38,0.0,1027,17,10,153,6,Lesotho
2010-06-26,17,3,0.0,8.7,3,100,05:25 PM,06:58 AM,07:05 AM,05:21 PM,-6,9,9,9,14,0,36,0.0,1025,17,10,155,8,Lesotho
2010-06-27,18,4,0.0,8.7,3,89,06:22 PM,07:44 AM,07:05 AM,05:22 PM,-4,7,9,7,25,1,43,0.0,1028,18,10,72,13,Lesotho
2010-06-28,15,5,0.0,8.7,3,82,07:19 PM,08:24 AM,07:05 AM,05:22 PM,4,6,8,6,25,8,73,0.0,1029,15,10,101,14,Lesotho
2010-06-29,13,4,0.0,7.1,3,74,08:13 PM,09:00 AM,07:05 AM,05:22 PM,4,5,7,5,24,36,83,0.1,1026,13,9,139,14,Lesotho
2010-06-30,14,4,0.0,8.7,3,67,09:07 PM,09:32 AM,07:05 AM,05:23 PM,4,7,8,7,13,18,80,0.0,1026,14,9,128,7,Lesotho
2010-07-01,14,4,0.0,8.7,3,64,09:59 PM,10:02 AM,07:05 AM,05:23 PM,3,6,8,6,17,8,74,0.0,1030,14,10,201,9,Lesotho
2010-07-02,14,4,0.0,8.7,3,57,10:52 PM,10:30 AM,07:05 AM,05:23 PM,4,7,8,7,13,14,81,0.0,1030,14,10,143,7,Lesotho
2010-07-03,13,3,0.0,8.7,3,50,11:45 PM,10:59 AM,07:05 AM,05:24 PM,4,6,7,6,11,9,79,0.0,1028,13,10,195,6,Lesotho
2010-07-04,14,2,0.0,8.7,3,42,No moonrise,11:29 AM,07:05 AM,05:24 PM,2,6,7,6,10,13,73,0.0,1028,14,10,181,5,Lesotho
2010-07-05,9,5,0.0,8.7,3,35,12:38 AM,12:00 PM,07:05 AM,05:25 PM,3,5,7,5,20,43,77,0.0,1028,9,10,142,12,Lesotho
2010-07-06,14,4,0.0,8.7,3,28,01:35 AM,12:36 PM,07:05 AM,05:25 PM,3,7,8,7,16,30,72,0.0,1025,14,10,170,9,Lesotho
2010-07-07,15,7,0.0,8.7,4,21,02:34 AM,01:17 PM,07:05 AM,05:26 PM,4,10,11,10,17,20,63,0.0,1028,15,10,177,10,Lesotho
2010-07-08,15,5,0.0,8.7,3,13,03:36 AM,02:04 PM,07:05 AM,05:26 PM,3,7,9,7,18,21,68,0.0,1030,15,10,176,10,Lesotho
2010-07-09,13,4,0.0,8.7,3,6,04:37 AM,03:00 PM,07:05 AM,05:27 PM,3,6,8,6,18,13,73,0.0,1026,13,10,207,11,Lesotho
2010-07-10,13,3,0.0,8.7,3,0,05:38 AM,04:03 PM,07:04 AM,05:27 PM,1,5,7,5,27,18,67,0.0,1018,13,10,137,15,Lesotho
2010-07-11,9,3,0.0,7.1,3,0,06:35 AM,05:11 PM,07:04 AM,05:27 PM,1,3,6,3,22,44,69,0.3,1016,9,10,256,15,Lesotho
2010-07-12,6,-1,0.0,8.7,2,1,07:26 AM,06:21 PM,07:04 AM,05:28 PM,-4,-3,1,-3,24,22,69,0.0,1028,6,10,168,16,Lesotho
2010-07-13,11,-3,0.0,8.7,2,8,08:11 AM,07:32 PM,07:04 AM,05:28 PM,-7,0,3,0,24,2,49,0.0,1029,11,10,40,14,Lesotho
2010-07-14,10,1,0.0,8.7,2,16,08:52 AM,08:40 PM,07:03 AM,05:29 PM,-0,1,5,1,32,16,71,0.0,1022,10,10,149,18,Lesotho
2010-07-15,9,1,0.0,8.7,2,23,09:30 AM,09:46 PM,07:03 AM,05:29 PM,-3,1,4,1,29,30,63,0.0,1020,9,10,219,18,Lesotho
2010-07-16,7,-4,0.0,8.7,2,30,10:05 AM,10:51 PM,07:03 AM,05:30 PM,-5,-2,1,-2,18,21,69,0.0,1027,7,10,186,12,Lesotho
2010-07-17,13,-3,0.0,8.7,2,37,10:41 AM,11:55 PM,07:02 AM,05:31 PM,-5,3,5,3,14,1,52,0.0,1028,13,10,168,8,Lesotho
2010-07-18,16,2,0.0,8.7,3,45,11:19 AM,No moonset,07:02 AM,05:31 PM,-6,6,7,6,14,0,41,0.0,1030,16,10,179,7,Lesotho
2010-07-19,16,3,0.0,8.7,3,52,11:59 AM,12:59 AM,07:02 AM,05:32 PM,-7,7,9,7,17,0,33,0.0,1029,16,10,182,8,Lesotho
2010-07-20,17,3,0.0,8.7,3,59,12:42 PM,02:02 AM,07:01 AM,05:32 PM,-7,6,8,6,21,0,36,0.0,1027,17,10,140,11,Lesotho
2010-07-21,16,3,0.0,8.7,3,66,01:31 PM,03:03 AM,07:01 AM,05:33 PM,-5,7,9,7,22,0,40,0.0,1028,16,10,133,11,Lesotho
2010-07-22,14,5,0.0,8.7,3,74,02:23 PM,04:00 AM,07:00 AM,05:33 PM,0,6,8,6,23,5,59,0.0,1028,14,10,136,13,Lesotho
2010-07-23,15,3,0.0,8.7,3,81,03:18 PM,04:53 AM,07:00 AM,05:34 PM,3,7,8,7,14,10,71,0.0,1026,15,10,205,8,Lesotho
2010-07-24,15,4,0.0,8.7,3,88,04:14 PM,05:41 AM,06:59 AM,05:34 PM,2,8,9,8,18,21,62,0.0,1024,15,10,215,10,Lesotho
2010-07-25,16,6,0.0,8.7,4,96,05:11 PM,06:23 AM,06:59 AM,05:35 PM,2,11,11,11,7,14,57,0.0,1024,16,10,187,4,Lesotho
2010-07-26,17,5,0.0,8.7,4,100,06:06 PM,07:00 AM,06:58 AM,05:35 PM,2,9,11,9,16,11,57,0.0,1026,17,10,154,9,Lesotho
2010-07-27,18,6,0.0,8.7,4,90,07:00 PM,07:34 AM,06:58 AM,05:36 PM,2,11,11,11,13,9,54,0.0,1026,18,10,158,8,Lesotho
2010-07-28,18,5,0.0,8.7,4,83,07:53 PM,08:04 AM,06:57 AM,05:37 PM,-2,10,10,10,15,3,47,0.0,1026,18,10,145,8,Lesotho
2010-07-29,18,4,0.0,8.7,3,75,08:45 PM,08:33 AM,06:56 AM,05:37 PM,-3,9,10,9,13,0,43,0.0,1026,18,10,168,7,Lesotho
2010-07-30,15,2,0.0,8.7,3,68,09:38 PM,09:01 AM,06:56 AM,05:38 PM,2,8,8,8,7,7,66,0.0,1026,15,10,168,4,Lesotho
2010-07-31,15,2,0.0,8.7,3,64,10:30 PM,09:30 AM,06:55 AM,05:38 PM,2,8,8,8,8,11,68,0.0,1025,15,10,205,5,Lesotho
2010-08-01,17,3,0.0,8.7,3,54,11:25 PM,10:00 AM,06:54 AM,05:39 PM,3,10,10,10,7,2,65,0.0,1027,17,10,185,4,Lesotho
2010-08-02,17,3,0.0,8.7,3,46,No moonrise,10:34 AM,06:54 AM,05:39 PM,-1,10,10,10,7,0,50,0.0,1028,17,10,175,4,Lesotho
2010-08-03,17,2,0.0,8.7,3,39,12:21 AM,11:11 AM,06:53 AM,05:40 PM,-2,10,10,10,9,0,49,0.0,1027,17,10,180,5,Lesotho
2010-08-04,17,2,0.0,8.7,3,32,01:21 AM,11:55 AM,06:52 AM,05:41 PM,-2,10,10,10,6,0,47,0.0,1025,17,10,141,3,Lesotho
2010-08-05,17,2,0.0,8.7,3,24,02:21 AM,12:45 PM,06:52 AM,05:41 PM,-3,10,10,10,8,0,45,0.0,1023,17,10,160,5,Lesotho
2010-08-06,18,3,0.0,8.7,3,17,03:21 AM,01:44 PM,06:51 AM,05:42 PM,-2,10,11,10,6,2,46,0.0,1026,18,10,126,3,Lesotho
2010-08-07,18,3,0.0,8.7,3,10,04:19 AM,02:48 PM,06:50 AM,05:42 PM,-0,11,11,11,8,1,50,0.0,1026,18,10,182,5,Lesotho
2010-08-08,18,4,0.0,8.7,4,3,05:12 AM,03:57 PM,06:49 AM,05:43 PM,-0,10,11,10,17,1,50,0.0,1021,18,10,138,10,Lesotho
2010-08-09,9,-1,0.0,8.7,2,0,06:01 AM,05:08 PM,06:48 AM,05:43 PM,-6,2,5,2,20,4,47,0.0,1023,9,10,232,13,Lesotho
2010-08-10,11,-3,0.0,8.7,2,0,06:44 AM,06:18 PM,06:47 AM,05:44 PM,-9,2,4,2,14,2,42,0.0,1035,11,10,165,7,Lesotho
2010-08-11,13,-2,0.0,8.7,2,4,07:24 AM,07:28 PM,06:47 AM,05:44 PM,-7,4,6,4,11,1,43,0.0,1039,13,10,84,6,Lesotho
2010-08-12,13,-1,0.0,8.7,3,12,08:02 AM,08:35 PM,06:46 AM,05:45 PM,-3,6,6,6,7,2,56,0.0,1035,13,10,181,4,Lesotho
2010-08-13,15,-1,0.0,8.7,3,19,08:39 AM,09:43 PM,06:45 AM,05:46 PM,-4,7,7,7,8,3,50,0.0,1031,15,10,213,5,Lesotho
2010-08-14,17,-0,0.0,8.7,3,26,09:17 AM,10:48 PM,06:44 AM,05:46 PM,-4,8,9,8,9,0,47,0.0,1027,17,10,245,5,Lesotho
2010-08-15,19,2,0.0,8.7,3,33,09:57 AM,11:53 PM,06:43 AM,05:47 PM,-6,9,10,9,12,0,36,0.0,1023,19,10,188,7,Lesotho
2010-08-16,19,1,0.0,8.7,3,41,10:41 AM,No moonset,06:42 AM,05:47 PM,-6,10,11,10,8,0,36,0.0,1025,19,10,152,4,Lesotho
2010-08-17,20,3,0.0,8.7,4,48,11:28 AM,12:56 AM,06:41 AM,05:48 PM,-3,11,11,11,10,1,41,0.0,1025,20,10,183,6,Lesotho
2010-08-18,20,5,0.0,8.7,4,55,12:19 PM,01:55 AM,06:40 AM,05:48 PM,-3,11,12,11,18,0,37,0.0,1019,20,10,122,11,Lesotho
2010-08-19,18,4,0.0,8.7,3,63,01:14 PM,02:50 AM,06:39 AM,05:49 PM,-3,9,10,9,19,1,44,0.0,1017,18,10,153,12,Lesotho
2010-08-20,15,0,0.0,8.7,3,70,02:09 PM,03:39 AM,06:38 AM,05:49 PM,-3,6,7,6,14,2,53,0.0,1025,15,10,184,8,Lesotho
2010-08-21,19,2,0.0,8.7,3,77,03:05 PM,04:22 AM,06:37 AM,05:50 PM,-3,9,10,9,15,1,42,0.0,1021,19,10,110,9,Lesotho
2010-08-22,20,6,0.0,8.7,4,84,04:01 PM,05:01 AM,06:36 AM,05:50 PM,-3,11,12,11,23,0,38,0.0,1016,20,10,186,14,Lesotho
2010-08-23,14,1,0.0,8.7,3,92,04:55 PM,05:36 AM,06:35 AM,05:51 PM,-5,7,8,7,7,1,44,0.0,1022,14,10,225,5,Lesotho
2010-08-24,17,-1,0.0,8.7,3,99,05:48 PM,06:07 AM,06:34 AM,05:51 PM,-3,8,9,8,12,1,47,0.0,1025,17,10,133,8,Lesotho
2010-08-25,18,4,0.0,8.7,4,100,06:40 PM,06:36 AM,06:33 AM,05:52 PM,4,10,11,10,19,15,64,0.0,1024,18,10,152,12,Lesotho
2010-08-26,17,3,0.0,8.7,4,87,07:33 PM,07:05 AM,06:32 AM,05:53 PM,0,9,10,9,22,9,52,1.1,1020,17,10,185,14,Lesotho
2010-08-27,18,1,0.0,8.7,3,79,08:25 PM,07:34 AM,06:31 AM,05:53 PM,-9,10,10,10,10,0,26,0.0,1021,18,10,130,6,Lesotho
2010-08-28,22,4,0.0,8.7,4,72,09:19 PM,08:03 AM,06:29 AM,05:54 PM,-6,12,13,12,17,0,27,0.0,1020,22,10,154,10,Lesotho
2010-08-29,24,7,0.0,8.7,4,65,10:14 PM,08:35 AM,06:28 AM,05:54 PM,-5,15,15,15,16,0,26,0.0,1022,24,10,164,9,Lesotho
2010-08-30,23,10,0.0,8.7,5,57,11:11 PM,09:11 AM,06:27 AM,05:55 PM,1,16,16,16,14,1,38,0.0,1023,23,10,164,8,Lesotho
2010-08-31,22,8,0.0,8.7,4,54,No moonrise,09:51 AM,06:26 AM,05:55 PM,-3,14,14,14,16,1,32,0.0,1021,22,10,146,10,Lesotho
2010-09-01,22,8,0.0,8.7,4,37,12:10 AM,10:37 AM,06:25 AM,05:56 PM,-4,13,14,13,18,0,29,0.0,1020,22,10,126,11,Lesotho
2010-09-02,22,5,0.0,8.7,4,29,01:08 AM,11:31 AM,06:24 AM,05:56 PM,-9,13,13,13,21,0,22,0.0,1019,22,10,152,14,Lesotho
2010-09-03,20,2,0.0,8.7,4,22,02:05 AM,12:30 PM,06:23 AM,05:57 PM,-9,11,11,11,9,0,24,0.0,1021,20,10,149,5,Lesotho
2010-09-04,22,3,0.0,8.7,4,14,02:59 AM,01:36 PM,06:21 AM,05:57 PM,-7,13,13,13,14,0,30,0.0,1018,22,10,181,8,Lesotho
2010-09-05,24,5,0.0,8.7,4,7,03:49 AM,02:44 PM,06:20 AM,05:58 PM,-5,15,15,15,9,0,29,0.0,1019,24,10,188,6,Lesotho
2010-09-06,26,7,0.0,8.7,5,0,04:34 AM,03:54 PM,06:19 AM,05:58 PM,-4,16,16,16,14,2,30,0.0,1020,26,10,184,9,Lesotho
2010-09-07,23,7,0.0,8.7,4,0,05:15 AM,05:04 PM,06:18 AM,05:59 PM,-2,15,15,15,11,0,32,0.0,1021,23,10,170,7,Lesotho
2010-09-08,24,8,0.0,8.7,5,0,05:54 AM,06:12 PM,06:17 AM,05:59 PM,0,16,16,16,15,15,36,0.0,1017,24,10,161,9,Lesotho
2010-09-09,21,9,0.0,10.2,4,1,06:32 AM,07:21 PM,06:16 AM,06:00 PM,4,14,15,14,15,38,55,0.0,1018,21,10,161,10,Lesotho
2010-09-10,20,6,0.0,11.6,4,8,07:11 AM,08:29 PM,06:14 AM,06:00 PM,2,12,13,12,14,5,55,0.0,1022,20,10,188,9,Lesotho
2010-09-11,20,5,0.0,11.6,4,16,07:52 AM,09:37 PM,06:13 AM,06:01 PM,1,12,13,12,11,2,49,0.0,1025,20,10,171,7,Lesotho
2010-09-12,23,6,0.0,11.6,4,23,08:35 AM,10:43 PM,06:12 AM,06:01 PM,1,15,15,15,10,0,43,0.0,1024,23,10,228,7,Lesotho
2010-09-13,24,8,0.0,11.6,5,31,09:23 AM,11:46 PM,06:11 AM,06:02 PM,2,17,17,17,11,0,42,0.0,1022,24,10,162,7,Lesotho
2010-09-14,25,10,0.0,11.6,5,38,10:14 AM,No moonset,06:10 AM,06:02 PM,-1,16,17,16,19,1,32,0.0,1018,25,10,173,12,Lesotho
2010-09-15,24,9,0.0,11.6,5,46,11:08 AM,12:43 AM,06:08 AM,06:03 PM,-4,15,16,15,20,7,26,0.0,1014,24,10,227,13,Lesotho
2010-09-16,23,7,0.0,11.6,4,53,12:04 PM,01:36 AM,06:07 AM,06:03 PM,-5,15,15,15,11,5,26,0.0,1017,23,10,202,8,Lesotho
2010-09-17,24,9,0.0,11.6,5,61,01:00 PM,02:21 AM,06:06 AM,06:04 PM,1,16,17,16,20,29,36,0.0,1020,24,10,170,13,Lesotho
2010-09-18,25,10,0.0,11.6,5,68,01:56 PM,03:01 AM,06:05 AM,06:04 PM,2,17,17,17,17,15,39,0.0,1017,25,10,187,11,Lesotho
2010-09-19,26,11,0.0,11.6,5,76,02:50 PM,03:37 AM,06:04 AM,06:05 PM,2,18,18,18,14,22,35,0.0,1014,26,10,148,9,Lesotho
2010-09-20,27,13,0.0,11.6,5,84,03:44 PM,04:09 AM,06:02 AM,06:05 PM,-3,19,19,19,22,30,23,0.0,1011,27,10,30,14,Lesotho
2010-09-21,20,6,0.0,10.2,4,91,04:36 PM,04:39 AM,06:01 AM,06:06 PM,1,13,14,13,19,41,43,1.1,1012,20,10,213,13,Lesotho
2010-09-22,17,1,0.0,12.1,3,99,05:28 PM,05:08 AM,06:00 AM,06:06 PM,-3,9,10,9,9,2,45,0.0,1020,17,10,217,6,Lesotho
2010-09-23,25,4,0.0,12.5,4,100,06:20 PM,05:37 AM,05:59 AM,06:07 PM,-5,15,15,15,10,0,32,0.0,1020,25,10,208,6,Lesotho
2010-09-24,27,8,0.0,12.5,5,86,07:14 PM,06:06 AM,05:58 AM,06:07 PM,-4,17,17,17,14,0,25,0.0,1019,27,10,140,9,Lesotho
2010-09-25,27,11,0.0,12.5,5,79,08:09 PM,06:38 AM,05:56 AM,06:08 PM,-1,18,18,18,21,4,28,0.0,1017,27,10,143,13,Lesotho
2010-09-26,26,11,0.0,12.5,5,71,09:06 PM,07:13 AM,05:55 AM,06:08 PM,-1,18,18,18,27,31,28,0.0,1014,26,10,183,18,Lesotho
2010-09-27,20,7,0.0,12.6,4,64,10:03 PM,07:52 AM,05:54 AM,06:09 PM,-5,12,13,12,17,2,33,0.0,1022,20,10,206,12,Lesotho
2010-09-28,21,4,0.0,12.6,4,56,11:01 PM,08:35 AM,05:53 AM,06:09 PM,1,12,13,12,17,6,50,0.0,1026,21,10,169,11,Lesotho
2010-09-29,22,7,0.0,12.6,4,48,11:58 PM,09:26 AM,05:52 AM,06:10 PM,3,14,15,14,11,8,49,0.0,1023,22,10,156,7,Lesotho
2010-09-30,25,8,0.0,12.6,5,41,No moonrise,10:21 AM,05:50 AM,06:10 PM,2,17,17,17,9,0,41,0.0,1020,25,10,195,6,Lesotho
2010-10-01,27,10,0.0,12.6,5,39,12:51 AM,11:23 AM,05:49 AM,06:11 PM,1,18,18,18,16,3,33,0.0,1015,27,10,169,10,Lesotho
2010-10-02,29,12,0.0,12.6,6,32,01:41 AM,12:27 PM,05:48 AM,06:11 PM,2,20,20,20,21,22,31,0.1,1012,29,10,178,13,Lesotho
2010-10-03,29,13,0.0,12.7,5,25,02:25 AM,01:34 PM,05:47 AM,06:12 PM,1,20,19,20,19,7,33,0.0,1014,29,10,171,13,Lesotho
2010-10-04,28,10,0.0,12.7,5,18,03:07 AM,02:41 PM,05:46 AM,06:13 PM,-3,20,19,20,13,16,22,0.0,1017,28,10,197,8,Lesotho
2010-10-05,20,11,0.0,12.7,5,10,03:46 AM,03:49 PM,05:45 AM,06:13 PM,7,15,15,15,17,20,59,1.4,1020,20,10,157,11,Lesotho
2010-10-06,24,10,0.0,12.7,5,3,04:24 AM,04:57 PM,05:43 AM,06:14 PM,10,17,17,17,11,28,66,4.2,1018,24,10,151,7,Lesotho
2010-10-07,26,14,0.0,12.7,5,0,05:02 AM,06:05 PM,05:42 AM,06:14 PM,9,19,19,19,19,16,55,3.3,1018,26,10,115,12,Lesotho
2010-10-08,25,12,0.0,12.7,5,0,05:42 AM,07:14 PM,05:41 AM,06:15 PM,7,18,18,18,19,11,54,3.8,1017,25,10,171,12,Lesotho
2010-10-09,27,10,0.0,12.8,5,4,06:25 AM,08:22 PM,05:40 AM,06:15 PM,-2,18,18,18,13,19,28,0.0,1013,27,10,202,9,Lesotho
2010-10-10,27,12,0.0,12.8,5,11,07:12 AM,09:29 PM,05:39 AM,06:16 PM,-2,18,18,18,25,9,27,0.0,1009,27,10,179,17,Lesotho
2010-10-11,22,9,0.0,12.8,4,18,08:03 AM,10:30 PM,05:38 AM,06:17 PM,-1,16,16,16,16,3,34,0.0,1013,22,10,261,11,Lesotho
2010-10-12,23,9,0.0,12.8,5,26,08:58 AM,11:27 PM,05:37 AM,06:17 PM,-0,16,16,16,10,34,37,0.0,1016,23,10,214,7,Lesotho
2010-10-13,18,11,0.0,10.6,3,33,09:55 AM,No moonset,05:35 AM,06:18 PM,7,14,14,14,14,58,66,11.4,1017,18,9,56,8,Lesotho
2010-10-14,17,8,0.0,12.8,4,40,10:52 AM,12:15 AM,05:34 AM,06:18 PM,4,12,13,12,15,25,60,0.5,1013,17,9,253,11,Lesotho
2010-10-15,15,5,0.0,12.9,3,48,11:49 AM,12:58 AM,05:33 AM,06:19 PM,2,10,10,10,10,9,59,0.7,1016,15,10,216,6,Lesotho
2010-10-16,16,4,0.0,12.9,3,55,12:44 PM,01:36 AM,05:32 AM,06:20 PM,1,10,10,10,9,16,58,0.1,1022,16,10,190,6,Lesotho
2010-10-17,20,4,0.0,12.9,4,62,01:38 PM,02:09 AM,05:31 AM,06:20 PM,2,13,13,13,10,7,48,0.0,1021,20,10,151,6,Lesotho
2010-10-18,24,8,0.0,12.9,5,69,02:30 PM,02:40 AM,05:30 AM,06:21 PM,4,16,17,16,14,9,46,0.9,1016,24,10,145,9,Lesotho
2010-10-19,24,11,0.0,12.9,5,77,03:22 PM,03:10 AM,05:29 AM,06:22 PM,1,16,17,16,19,8,39,0.1,1013,24,10,200,13,Lesotho
2010-10-20,25,8,0.0,12.9,5,84,04:14 PM,03:39 AM,05:28 AM,06:22 PM,-1,17,17,17,16,4,32,0.0,1012,25,10,195,10,Lesotho
2010-10-21,26,10,0.0,13.0,5,91,05:08 PM,04:08 AM,05:27 AM,06:23 PM,-2,18,18,18,16,17,28,0.0,1013,26,10,237,11,Lesotho
2010-10-22,25,12,0.0,13.0,5,98,06:03 PM,04:39 AM,05:26 AM,06:24 PM,5,18,18,18,17,28,46,0.8,1012,25,10,236,12,Lesotho
2010-10-23,20,11,0.0,13.0,4,100,07:00 PM,05:14 AM,05:25 AM,06:24 PM,11,15,15,15,23,24,76,16.8,1012,20,8,137,13,Lesotho
2010-10-24,21,10,0.0,13.0,5,87,07:58 PM,05:51 AM,05:24 AM,06:25 PM,8,14,15,14,27,26,66,4.2,1009,21,10,168,17,Lesotho
2010-10-25,16,5,0.0,13.0,4,80,08:56 PM,06:34 AM,05:23 AM,06:26 PM,-0,10,11,10,14,2,47,0.0,1014,16,10,223,9,Lesotho
2010-10-26,19,4,0.0,13.1,4,72,09:53 PM,07:23 AM,05:22 AM,06:27 PM,1,13,13,13,10,1,46,0.0,1017,19,10,174,6,Lesotho
2010-10-27,23,8,0.0,13.1,4,65,10:47 PM,08:17 AM,05:21 AM,06:27 PM,3,14,15,14,21,22,48,1.9,1013,23,10,91,13,Lesotho
2010-10-28,20,9,0.0,13.1,5,58,11:38 PM,09:17 AM,05:20 AM,06:28 PM,3,15,16,15,17,7,47,0.0,1014,20,10,192,13,Lesotho
2010-10-29,22,7,0.0,13.1,4,51,No moonrise,10:19 AM,05:19 AM,06:29 PM,3,15,15,15,7,4,48,0.0,1017,22,10,208,5,Lesotho
2010-10-30,26,8,0.0,13.1,5,43,12:22 AM,11:24 AM,05:18 AM,06:29 PM,1,17,17,17,11,17,36,0.0,1015,26,10,154,7,Lesotho
2010-10-31,26,11,0.0,13.1,5,39,01:04 AM,12:28 PM,05:18 AM,06:30 PM,4,19,19,19,11,12,37,0.0,1018,26,10,129,7,Lesotho
2010-11-01,26,11,0.0,13.1,5,22,01:43 AM,01:34 PM,05:17 AM,06:31 PM,6,18,19,18,16,4,48,0.0,1015,26,10,147,9,Lesotho
2010-11-02,26,12,0.0,13.2,5,15,02:19 AM,02:38 PM,05:16 AM,06:32 PM,7,18,19,18,22,9,50,0.2,1010,26,10,127,14,Lesotho
2010-11-03,26,13,0.0,13.2,5,7,02:56 AM,03:45 PM,05:15 AM,06:32 PM,10,19,20,19,19,16,56,8.4,1008,26,10,181,12,Lesotho
2010-11-04,20,12,0.0,13.2,5,0,03:34 AM,04:52 PM,05:14 AM,06:33 PM,11,16,16,16,18,28,72,5.3,1009,20,9,215,11,Lesotho
2010-11-05,21,10,0.0,13.2,5,0,04:14 AM,06:00 PM,05:14 AM,06:34 PM,7,16,16,16,19,26,59,0.2,1011,21,10,228,12,Lesotho
2010-11-06,24,8,0.0,13.2,5,0,04:59 AM,07:07 PM,05:13 AM,06:35 PM,1,17,17,17,11,0,38,0.0,1015,24,10,215,7,Lesotho
2010-11-07,26,9,0.0,13.2,5,0,05:49 AM,08:12 PM,05:12 AM,06:36 PM,3,18,18,18,15,1,38,0.0,1014,26,10,165,10,Lesotho
2010-11-08,27,11,0.0,13.2,5,8,06:43 AM,09:12 PM,05:12 AM,06:36 PM,12,18,19,18,24,28,71,8.4,1008,27,9,188,16,Lesotho
2010-11-09,14,10,0.0,9.5,3,15,07:41 AM,10:05 PM,05:11 AM,06:37 PM,11,11,12,11,20,69,90,8.7,1010,14,8,49,14,Lesotho
2010-11-10,15,7,0.0,13.3,3,23,08:39 AM,10:52 PM,05:10 AM,06:38 PM,7,12,12,12,17,23,71,3.6,1018,15,9,110,12,Lesotho
2010-11-11,21,7,0.0,13.3,4,30,09:38 AM,11:33 PM,05:10 AM,06:39 PM,6,14,14,14,15,5,60,0.0,1015,21,10,190,10,Lesotho
2010-11-12,22,9,0.0,13.3,5,38,10:34 AM,No moonset,05:09 AM,06:40 PM,1,15,15,15,20,2,42,0.0,1009,22,10,285,14,Lesotho
2010-11-13,25,8,0.0,13.3,5,45,11:29 AM,12:08 AM,05:08 AM,06:40 PM,1,18,18,18,10,0,35,0.0,1011,25,10,225,7,Lesotho
2010-11-14,28,10,0.0,13.3,5,53,12:22 PM,12:40 AM,05:08 AM,06:41 PM,5,19,19,19,11,1,40,0.0,1019,28,10,131,7,Lesotho
2010-11-15,25,12,0.0,13.4,5,60,01:14 PM,01:10 AM,05:07 AM,06:42 PM,11,19,19,19,10,17,64,0.4,1023,25,10,256,7,Lesotho
2010-11-16,21,13,0.0,13.3,5,68,02:06 PM,01:39 AM,05:07 AM,06:43 PM,12,17,17,17,8,29,74,2.1,1018,21,10,226,5,Lesotho
2010-11-17,22,11,0.0,13.4,5,76,02:59 PM,02:08 AM,05:06 AM,06:44 PM,10,17,18,17,12,17,65,0.5,1014,22,10,159,7,Lesotho
2010-11-18,22,11,0.0,13.4,5,83,03:54 PM,02:39 AM,05:06 AM,06:45 PM,9,16,16,16,15,16,64,0.5,1014,22,10,141,10,Lesotho
2010-11-19,24,10,0.0,13.4,5,91,04:50 PM,03:12 AM,05:06 AM,06:46 PM,9,17,18,17,9,13,62,0.0,1014,24,10,177,6,Lesotho
2010-11-20,26,12,0.0,13.4,5,98,05:48 PM,03:48 AM,05:05 AM,06:46 PM,8,20,20,20,14,5,49,0.0,1012,26,10,130,8,Lesotho
2010-11-21,26,15,0.0,13.4,6,100,06:47 PM,04:30 AM,05:05 AM,06:47 PM,10,21,21,21,17,11,52,2.1,1009,26,10,176,10,Lesotho
2010-11-22,27,14,0.0,13.4,6,87,07:46 PM,05:18 AM,05:05 AM,06:48 PM,11,21,21,21,19,13,59,6.1,1009,27,10,141,13,Lesotho
2010-11-23,27,13,0.0,13.5,5,79,08:42 PM,06:11 AM,05:04 AM,06:49 PM,9,19,20,19,17,14,54,0.3,1011,27,10,155,11,Lesotho
2010-11-24,23,13,0.0,13.5,5,72,09:35 PM,07:10 AM,05:04 AM,06:50 PM,10,18,18,18,16,14,61,4.3,1017,23,9,132,10,Lesotho
2010-11-25,23,11,0.0,13.5,5,64,10:21 PM,08:13 AM,05:04 AM,06:51 PM,12,17,18,17,10,20,73,3.3,1018,23,10,178,7,Lesotho
2010-11-26,21,13,0.0,13.5,5,57,11:04 PM,09:18 AM,05:04 AM,06:51 PM,12,17,18,17,15,24,73,3.5,1016,21,10,166,9,Lesotho
2010-11-27,25,11,0.0,13.5,5,49,11:43 PM,10:22 AM,05:03 AM,06:52 PM,10,18,19,18,12,9,60,0.1,1014,25,10,217,8,Lesotho
2010-11-28,27,13,0.0,13.5,5,41,No moonrise,11:26 AM,05:03 AM,06:53 PM,4,20,19,20,20,1,41,0.0,1011,27,10,225,13,Lesotho
2010-11-29,25,10,0.0,13.5,5,34,12:19 AM,12:29 PM,05:03 AM,06:54 PM,1,19,18,19,10,0,31,0.0,1013,25,10,247,6,Lesotho
2010-11-30,25,9,0.0,13.5,5,26,12:55 AM,01:33 PM,05:03 AM,06:55 PM,7,17,18,17,16,6,52,0.0,1012,25,10,140,10,Lesotho
2010-12-01,26,13,0.0,13.5,5,25,01:31 AM,02:37 PM,05:03 AM,06:55 PM,9,18,18,18,21,23,58,0.0,1009,26,10,179,13,Lesotho
2010-12-02,23,12,0.0,13.5,4,18,02:09 AM,03:43 PM,05:03 AM,06:56 PM,12,17,18,17,22,25,73,9.2,1010,23,9,150,13,Lesotho
2010-12-03,21,13,0.0,13.5,5,11,02:51 AM,04:49 PM,05:03 AM,06:57 PM,12,16,17,16,17,29,77,1.8,1010,21,10,187,11,Lesotho
2010-12-04,23,9,0.0,13.6,5,4,03:37 AM,05:54 PM,05:03 AM,06:58 PM,6,17,17,17,10,2,54,0.0,1011,23,10,196,7,Lesotho
2010-12-05,25,9,0.0,13.6,5,0,04:28 AM,06:56 PM,05:03 AM,06:59 PM,4,18,18,18,11,0,41,0.0,1011,25,10,136,7,Lesotho
2010-12-06,23,9,0.0,13.6,5,0,05:25 AM,07:53 PM,05:03 AM,06:59 PM,2,16,16,16,11,1,43,0.0,1013,23,10,192,7,Lesotho
2010-12-07,23,7,0.0,14.0,5,4,06:23 AM,08:42 PM,05:03 AM,07:00 PM,5,15,16,15,14,5,50,0.0,1015,23,10,143,9,Lesotho
2010-12-08,25,11,0.0,14.0,5,11,07:23 AM,09:27 PM,05:03 AM,07:01 PM,9,18,18,18,13,8,60,1.0,1014,25,10,179,8,Lesotho
2010-12-09,26,10,0.0,14.0,5,18,08:21 AM,10:04 PM,05:03 AM,07:02 PM,8,18,19,18,14,11,55,0.7,1015,26,10,113,8,Lesotho
2010-12-10,27,11,0.0,14.0,5,25,09:18 AM,10:38 PM,05:04 AM,07:02 PM,7,20,20,20,17,11,46,0.8,1013,27,10,160,10,Lesotho
2010-12-11,24,13,0.0,14.0,5,33,10:12 AM,11:10 PM,05:04 AM,07:03 PM,11,18,18,18,12,16,66,8.0,1012,24,10,109,7,Lesotho
2010-12-12,22,11,0.0,13.4,5,40,11:05 AM,11:39 PM,05:04 AM,07:04 PM,11,16,17,16,20,30,73,11.0,1013,22,9,158,14,Lesotho
2010-12-13,21,10,0.0,14.0,5,47,11:57 AM,No moonset,05:04 AM,07:04 PM,11,15,16,15,17,22,75,3.3,1012,21,10,195,11,Lesotho
2010-12-14,23,11,0.0,14.0,4,54,12:49 PM,12:08 AM,05:05 AM,07:05 PM,13,18,19,18,10,26,74,7.3,1015,23,10,176,7,Lesotho
2010-12-15,16,13,0.0,8.8,3,62,01:43 PM,12:37 AM,05:05 AM,07:06 PM,12,14,14,14,11,85,89,17.4,1014,16,8,84,8,Lesotho
2010-12-16,19,12,0.0,13.4,3,69,02:37 PM,01:09 AM,05:05 AM,07:06 PM,12,14,15,14,14,50,86,11.1,1007,19,8,161,9,Lesotho
2010-12-17,23,10,0.0,14.0,5,76,03:34 PM,01:44 AM,05:06 AM,07:07 PM,9,17,18,17,10,9,64,0.0,1011,23,10,155,6,Lesotho
2010-12-18,26,11,0.0,14.0,5,84,04:32 PM,02:22 AM,05:06 AM,07:07 PM,9,19,19,19,16,9,55,1.1,1014,26,10,161,10,Lesotho
2010-12-19,23,12,0.0,14.0,5,91,05:32 PM,03:08 AM,05:06 AM,07:08 PM,11,18,19,18,13,9,64,4.3,1014,23,10,145,7,Lesotho
2010-12-20,23,10,0.0,14.0,5,98,06:30 PM,03:59 AM,05:07 AM,07:08 PM,10,17,18,17,8,13,63,0.0,1015,23,10,178,5,Lesotho
2010-12-21,21,13,0.0,14.0,5,100,07:26 PM,04:57 AM,05:07 AM,07:09 PM,12,17,17,17,17,20,75,8.8,1013,21,9,117,10,Lesotho
2010-12-22,23,11,0.0,14.0,5,87,08:16 PM,06:00 AM,05:08 AM,07:10 PM,13,17,18,17,16,9,76,3.5,1008,23,10,117,10,Lesotho
2010-12-23,26,12,0.0,14.0,5,80,09:02 PM,07:06 AM,05:08 AM,07:10 PM,9,19,19,19,16,3,58,0.0,1007,26,10,191,10,Lesotho
2010-12-24,26,11,0.0,14.0,5,73,09:43 PM,08:13 AM,05:09 AM,07:10 PM,6,19,19,19,14,0,43,0.0,1009,26,10,204,10,Lesotho
2010-12-25,25,10,0.0,14.0,5,66,10:21 PM,09:19 AM,05:09 AM,07:11 PM,4,19,19,19,9,0,39,0.0,1013,25,10,193,6,Lesotho
2010-12-26,24,9,0.0,14.0,5,58,10:57 PM,10:23 AM,05:10 AM,07:11 PM,8,17,18,17,14,7,57,0.0,1015,24,10,155,8,Lesotho
2010-12-27,25,13,0.0,14.0,5,51,11:33 PM,11:27 AM,05:11 AM,07:12 PM,12,18,19,18,16,21,66,3.9,1013,25,10,182,10,Lesotho
2010-12-28,27,13,0.0,14.0,5,44,No moonrise,12:30 PM,05:11 AM,07:12 PM,13,20,20,20,18,14,65,6.6,1012,27,9,186,11,Lesotho
2010-12-29,25,14,0.0,14.0,5,36,12:09 AM,01:34 PM,05:12 AM,07:12 PM,13,19,20,19,14,24,68,9.3,1013,25,9,205,9,Lesotho
2010-12-30,24,15,0.0,14.0,5,29,12:49 AM,02:38 PM,05:13 AM,07:13 PM,13,19,20,19,13,23,71,6.2,1014,24,10,134,8,Lesotho
2010-12-31,24,13,0.0,14.0,5,25,01:33 AM,03:43 PM,05:13 AM,07:13 PM,13,19,19,19,11,29,68,2.7,1015,24,10,177,7,Lesotho
